1
1
0.99
0.9701
0.940499
0.901493
0.853472
0.796916
0.732391
0.660542
0.582088
0.497813
0.40856
0.315221
0.21873
0.120051
0.0201722
-0.0799085
-0.17919
-0.27668
-0.371403
-0.462411
-0.548796
-0.629693
-0.704293
-0.77185
-0.831688
-0.883209
-0.925898
-0.959329
-0.983166
-0.997171
-1.0012
-0.995226
-0.979295
-0.953571
-0.918312
-0.873869
-0.820688
-0.759299
-0.690318
-0.614433
-0.532405
-0.445052
-0.353248
-0.257912
-0.159997
-0.060482
0.0396379
0.139361
0.237691
0.333644
0.426261
0.514615
0.597822
0.675052
0.745531
0.808555
0.863493
0.909796
0.947001
0.974736
0.992724
1.00078
0.998837
0.986901
0.965096
0.93364
0.892848
0.843127
0.784975
0.718973
0.645781
0.566132
0.480821
0.390702
0.296676
0.199683
0.100694
0.000697005
-0.0993066
-0.198317
-0.295344
-0.389418
-0.479598
-0.564982
-0.644715
-0.718002
-0.784109
-0.842374
-0.892216
-0.933136
-0.964724
-0.986665
-0.998739
-1.00083
-0.992904
-0.975054
-0.947453
-0.910377
